161
4 0 1 2 3
4 4 5 6 7
4 8 9 10 11
4 12 13 14 15
4 16 17 18 19
4 20 21 22 23
4 24 25 26 27
4 28 29 30 31
4 32 33 34 35
4 36 37 38 39
4 40 41 42 43
4 44 45 46 47
4 48 49 50 51
4 52 53 54 55
4 56 57 58 59
4 60 61 62 63
4 64 65 66 67
4 68 69 70 71
4 72 73 74 75
4 76 77 78 79
4 80 81 82 83
4 84 85 86 87
4 88 89 90 91
4 92 93 94 95
4 96 97 98 99
4 100 101 102 103
4 104 105 106 107
4 108 109 110 111
4 112 113 114 115
4 116 117 118 119
4 120 121 122 123
4 124 125 126 127
4 128 129 130 131
4 132 133 134 135
4 136 137 138 139
4 140 141 142 143
4 144 145 146 147
4 148 149 150 151
4 152 153 154 155
4 156 157 158 159
4 160 161 162 163
4 164 165 166 167
4 168 169 170 171
4 172 173 174 175
4 176 177 178 179
4 180 181 182 183
4 184 185 186 187
4 188 189 190 191
4 192 193 194 195
4 196 197 198 199
4 200 201 202 203
4 204 205 206 207
4 208 209 210 211
4 212 213 214 215
4 216 217 218 219
4 220 221 222 223
4 224 225 226 227
4 228 229 230 231
4 232 233 234 235
3 236 237 238
3 239 240 241
3 242 243 244
3 245 246 247
3 248 249 250
3 251 252 253
3 254 255 256
3 257 258 259
3 260 261 262
3 263 264 265
3 266 267 268
3 269 270 271
3 272 273 274
3 275 276 277
3 278 279 280
3 281 282 283
3 284 285 286
3 287 288 289
3 290 291 292
3 293 294 295
3 296 297 298
3 299 300 301
3 302 303 304
3 305 306 307
3 308 309 310
3 311 312 313
3 314 315 316
3 317 318 319
3 320 321 322
3 323 324 325
3 326 327 328
3 329 330 331
3 332 333 334
3 335 336 337
3 338 339 340
3 341 342 343
3 344 345 346
3 347 348 349
3 350 351 352
3 353 354 355
3 356 357 358
3 359 360 361
3 362 363 364
3 365 366 367
3 368 369 370
3 371 372 373
3 374 375 376
3 377 378 379
3 380 381 382
3 383 384 385
3 386 387 388
3 389 390 391
3 392 393 394
3 395 396 397
3 398 399 400
3 401 402 403
3 404 405 406
3 407 408 409
3 410 411 412
2 413 414
2 415 416
2 417 418
2 419 420
2 421 422
2 423 424
2 425 426
2 427 428
2 429 430
2 431 432
2 433 434
2 435 436
2 437 438
2 439 440
2 441 442
2 443 444
2 445 446
2 447 448
2 449 450
2 451 452
2 453 454
2 455 456
2 457 458
2 459 460
2 461 462
2 463 464
2 465 466
2 467 468
2 469 470
2 471 472
2 473 474
2 475 476
2 477 478
2 479 480
2 481 482
2 483 484
2 485 486
2 487 488
2 489 490
2 491 492
2 493 494
2 495 496
2 497 498
