1625
4 0 1 2 3
4 4 5 6 7
4 8 9 10 11
4 12 13 14 15
4 16 17 18 19
4 20 21 22 23
4 24 25 26 27
4 28 29 30 31
4 32 33 34 35
4 36 37 38 39
4 40 41 42 43
4 44 45 46 47
4 48 49 50 51
4 52 53 54 55
4 56 57 58 59
4 60 61 62 63
4 64 65 66 67
4 68 69 70 71
4 72 73 74 75
4 76 77 78 79
4 80 81 82 83
4 84 85 86 87
4 88 89 90 91
4 92 93 94 95
4 96 97 98 99
4 100 101 102 103
4 104 105 106 107
4 108 109 110 111
4 112 113 114 115
4 116 117 118 119
4 120 121 122 123
4 124 125 126 127
4 128 129 130 131
4 132 133 134 135
4 136 137 138 139
4 140 141 142 143
4 144 145 146 147
4 148 149 150 151
4 152 153 154 155
4 156 157 158 159
4 160 161 162 163
4 164 165 166 167
4 168 169 170 171
4 172 173 174 175
4 176 177 178 179
4 180 181 182 183
4 184 185 186 187
4 188 189 190 191
4 192 193 194 195
4 196 197 198 199
4 200 201 202 203
4 204 205 206 207
4 208 209 210 211
4 212 213 214 215
4 216 217 218 219
4 220 221 222 223
4 224 225 226 227
4 228 229 230 231
4 232 233 234 235
4 236 237 238 239
4 240 241 242 243
4 244 245 246 247
4 248 249 250 251
4 252 253 254 255
4 256 257 258 259
4 260 261 262 263
4 264 265 266 267
4 268 269 270 271
4 272 273 274 275
4 276 277 278 279
4 280 281 282 283
4 284 285 286 287
4 288 289 290 291
4 292 293 294 295
4 296 297 298 299
4 300 301 302 303
4 304 305 306 307
4 308 309 310 311
4 312 313 314 315
4 316 317 318 319
4 320 321 322 323
4 324 325 326 327
4 328 329 330 331
4 332 333 334 335
4 336 337 338 339
4 340 341 342 343
4 344 345 346 347
4 348 349 350 351
4 352 353 354 355
4 356 357 358 359
4 360 361 362 363
4 364 365 366 367
4 368 369 370 371
4 372 373 374 375
4 376 377 378 379
4 380 381 382 383
4 384 385 386 387
4 388 389 390 391
4 392 393 394 395
4 396 397 398 399
4 400 401 402 403
4 404 405 406 407
4 408 409 410 411
4 412 413 414 415
4 416 417 418 419
4 420 421 422 423
4 424 425 426 427
4 428 429 430 431
4 432 433 434 435
4 436 437 438 439
4 440 441 442 443
4 444 445 446 447
4 448 449 450 451
4 452 453 454 455
4 456 457 458 459
4 460 461 462 463
4 464 465 466 467
4 468 469 470 471
4 472 473 474 475
4 476 477 478 479
4 480 481 482 483
4 484 485 486 487
4 488 489 490 491
4 492 493 494 495
4 496 497 498 499
4 500 501 502 503
4 504 505 506 507
4 508 509 510 511
4 512 513 514 515
4 516 517 518 519
4 520 521 522 523
4 524 525 526 527
4 528 529 530 531
4 532 533 534 535
4 536 537 538 539
4 540 541 542 543
4 544 545 546 547
4 548 549 550 551
4 552 553 554 555
4 556 557 558 559
4 560 561 562 563
4 564 565 566 567
4 568 569 570 571
4 572 573 574 575
4 576 577 578 579
4 580 581 582 583
4 584 585 586 587
4 588 589 590 591
4 592 593 594 595
4 596 597 598 599
4 600 601 602 603
4 604 605 606 607
4 608 609 610 611
4 612 613 614 615
4 616 617 618 619
4 620 621 622 623
4 624 625 626 627
4 628 629 630 631
4 632 633 634 635
4 636 637 638 639
4 640 641 642 643
4 644 645 646 647
4 648 649 650 651
4 652 653 654 655
4 656 657 658 659
4 660 661 662 663
4 664 665 666 667
4 668 669 670 671
4 672 673 674 675
4 676 677 678 679
4 680 681 682 683
4 684 685 686 687
4 688 689 690 691
4 692 693 694 695
4 696 697 698 699
4 700 701 702 703
4 704 705 706 707
4 708 709 710 711
4 712 713 714 715
4 716 717 718 719
4 720 721 722 723
4 724 725 726 727
4 728 729 730 731
4 732 733 734 735
4 736 737 738 739
4 740 741 742 743
4 744 745 746 747
4 748 749 750 751
4 752 753 754 755
4 756 757 758 759
4 760 761 762 763
4 764 765 766 767
4 768 769 770 771
4 772 773 774 775
4 776 777 778 779
4 780 781 782 783
4 784 785 786 787
4 788 789 790 791
4 792 793 794 795
4 796 797 798 799
4 800 801 802 803
4 804 805 806 807
4 808 809 810 811
4 812 813 814 815
4 816 817 818 819
4 820 821 822 823
4 824 825 826 827
4 828 829 830 831
4 832 833 834 835
4 836 837 838 839
4 840 841 842 843
4 844 845 846 847
4 848 849 850 851
4 852 853 854 855
4 856 857 858 859
4 860 861 862 863
4 864 865 866 867
4 868 869 870 871
4 872 873 874 875
4 876 877 878 879
4 880 881 882 883
4 884 885 886 887
4 888 889 890 891
4 892 893 894 895
4 896 897 898 899
4 900 901 902 903
4 904 905 906 907
4 908 909 910 911
4 912 913 914 915
4 916 917 918 919
4 920 921 922 923
4 924 925 926 927
4 928 929 930 931
4 932 933 934 935
4 936 937 938 939
4 940 941 942 943
4 944 945 946 947
4 948 949 950 951
4 952 953 954 955
4 956 957 958 959
4 960 961 962 963
4 964 965 966 967
4 968 969 970 971
4 972 973 974 975
4 976 977 978 979
4 980 981 982 983
4 984 985 986 987
4 988 989 990 991
4 992 993 994 995
4 996 997 998 999
4 1000 1001 1002 1003
4 1004 1005 1006 1007
4 1008 1009 1010 1011
4 1012 1013 1014 1015
4 1016 1017 1018 1019
4 1020 1021 1022 1023
4 1024 1025 1026 1027
4 1028 1029 1030 1031
4 1032 1033 1034 1035
4 1036 1037 1038 1039
4 1040 1041 1042 1043
4 1044 1045 1046 1047
4 1048 1049 1050 1051
4 1052 1053 1054 1055
4 1056 1057 1058 1059
4 1060 1061 1062 1063
4 1064 1065 1066 1067
4 1068 1069 1070 1071
4 1072 1073 1074 1075
4 1076 1077 1078 1079
4 1080 1081 1082 1083
4 1084 1085 1086 1087
4 1088 1089 1090 1091
4 1092 1093 1094 1095
4 1096 1097 1098 1099
4 1100 1101 1102 1103
4 1104 1105 1106 1107
4 1108 1109 1110 1111
4 1112 1113 1114 1115
4 1116 1117 1118 1119
4 1120 1121 1122 1123
4 1124 1125 1126 1127
4 1128 1129 1130 1131
4 1132 1133 1134 1135
4 1136 1137 1138 1139
4 1140 1141 1142 1143
4 1144 1145 1146 1147
4 1148 1149 1150 1151
4 1152 1153 1154 1155
4 1156 1157 1158 1159
4 1160 1161 1162 1163
4 1164 1165 1166 1167
4 1168 1169 1170 1171
4 1172 1173 1174 1175
4 1176 1177 1178 1179
4 1180 1181 1182 1183
4 1184 1185 1186 1187
4 1188 1189 1190 1191
4 1192 1193 1194 1195
4 1196 1197 1198 1199
4 1200 1201 1202 1203
4 1204 1205 1206 1207
4 1208 1209 1210 1211
4 1212 1213 1214 1215
4 1216 1217 1218 1219
4 1220 1221 1222 1223
4 1224 1225 1226 1227
4 1228 1229 1230 1231
4 1232 1233 1234 1235
4 1236 1237 1238 1239
4 1240 1241 1242 1243
4 1244 1245 1246 1247
4 1248 1249 1250 1251
4 1252 1253 1254 1255
4 1256 1257 1258 1259
4 1260 1261 1262 1263
4 1264 1265 1266 1267
4 1268 1269 1270 1271
4 1272 1273 1274 1275
4 1276 1277 1278 1279
4 1280 1281 1282 1283
4 1284 1285 1286 1287
4 1288 1289 1290 1291
4 1292 1293 1294 1295
4 1296 1297 1298 1299
4 1300 1301 1302 1303
4 1304 1305 1306 1307
4 1308 1309 1310 1311
4 1312 1313 1314 1315
4 1316 1317 1318 1319
4 1320 1321 1322 1323
4 1324 1325 1326 1327
4 1328 1329 1330 1331
4 1332 1333 1334 1335
4 1336 1337 1338 1339
4 1340 1341 1342 1343
4 1344 1345 1346 1347
4 1348 1349 1350 1351
4 1352 1353 1354 1355
4 1356 1357 1358 1359
4 1360 1361 1362 1363
4 1364 1365 1366 1367
4 1368 1369 1370 1371
4 1372 1373 1374 1375
4 1376 1377 1378 1379
4 1380 1381 1382 1383
4 1384 1385 1386 1387
4 1388 1389 1390 1391
4 1392 1393 1394 1395
4 1396 1397 1398 1399
4 1400 1401 1402 1403
4 1404 1405 1406 1407
4 1408 1409 1410 1411
4 1412 1413 1414 1415
4 1416 1417 1418 1419
4 1420 1421 1422 1423
4 1424 1425 1426 1427
4 1428 1429 1430 1431
4 1432 1433 1434 1435
4 1436 1437 1438 1439
4 1440 1441 1442 1443
4 1444 1445 1446 1447
4 1448 1449 1450 1451
4 1452 1453 1454 1455
4 1456 1457 1458 1459
4 1460 1461 1462 1463
4 1464 1465 1466 1467
4 1468 1469 1470 1471
4 1472 1473 1474 1475
4 1476 1477 1478 1479
4 1480 1481 1482 1483
4 1484 1485 1486 1487
4 1488 1489 1490 1491
4 1492 1493 1494 1495
4 1496 1497 1498 1499
4 1500 1501 1502 1503
4 1504 1505 1506 1507
4 1508 1509 1510 1511
4 1512 1513 1514 1515
4 1516 1517 1518 1519
4 1520 1521 1522 1523
4 1524 1525 1526 1527
4 1528 1529 1530 1531
4 1532 1533 1534 1535
4 1536 1537 1538 1539
4 1540 1541 1542 1543
4 1544 1545 1546 1547
4 1548 1549 1550 1551
4 1552 1553 1554 1555
4 1556 1557 1558 1559
4 1560 1561 1562 1563
4 1564 1565 1566 1567
4 1568 1569 1570 1571
4 1572 1573 1574 1575
4 1576 1577 1578 1579
4 1580 1581 1582 1583
4 1584 1585 1586 1587
4 1588 1589 1590 1591
4 1592 1593 1594 1595
4 1596 1597 1598 1599
4 1600 1601 1602 1603
4 1604 1605 1606 1607
4 1608 1609 1610 1611
4 1612 1613 1614 1615
4 1616 1617 1618 1619
4 1620 1621 1622 1623
4 1624 1625 1626 1627
4 1628 1629 1630 1631
4 1632 1633 1634 1635
4 1636 1637 1638 1639
4 1640 1641 1642 1643
4 1644 1645 1646 1647
4 1648 1649 1650 1651
4 1652 1653 1654 1655
4 1656 1657 1658 1659
4 1660 1661 1662 1663
4 1664 1665 1666 1667
4 1668 1669 1670 1671
4 1672 1673 1674 1675
4 1676 1677 1678 1679
4 1680 1681 1682 1683
4 1684 1685 1686 1687
4 1688 1689 1690 1691
4 1692 1693 1694 1695
4 1696 1697 1698 1699
4 1700 1701 1702 1703
4 1704 1705 1706 1707
4 1708 1709 1710 1711
4 1712 1713 1714 1715
4 1716 1717 1718 1719
4 1720 1721 1722 1723
4 1724 1725 1726 1727
4 1728 1729 1730 1731
4 1732 1733 1734 1735
4 1736 1737 1738 1739
4 1740 1741 1742 1743
4 1744 1745 1746 1747
4 1748 1749 1750 1751
4 1752 1753 1754 1755
4 1756 1757 1758 1759
4 1760 1761 1762 1763
4 1764 1765 1766 1767
4 1768 1769 1770 1771
4 1772 1773 1774 1775
4 1776 1777 1778 1779
4 1780 1781 1782 1783
4 1784 1785 1786 1787
4 1788 1789 1790 1791
4 1792 1793 1794 1795
4 1796 1797 1798 1799
4 1800 1801 1802 1803
4 1804 1805 1806 1807
4 1808 1809 1810 1811
4 1812 1813 1814 1815
4 1816 1817 1818 1819
4 1820 1821 1822 1823
4 1824 1825 1826 1827
4 1828 1829 1830 1831
4 1832 1833 1834 1835
4 1836 1837 1838 1839
4 1840 1841 1842 1843
4 1844 1845 1846 1847
4 1848 1849 1850 1851
4 1852 1853 1854 1855
4 1856 1857 1858 1859
4 1860 1861 1862 1863
4 1864 1865 1866 1867
4 1868 1869 1870 1871
4 1872 1873 1874 1875
4 1876 1877 1878 1879
4 1880 1881 1882 1883
4 1884 1885 1886 1887
4 1888 1889 1890 1891
4 1892 1893 1894 1895
4 1896 1897 1898 1899
4 1900 1901 1902 1903
4 1904 1905 1906 1907
4 1908 1909 1910 1911
4 1912 1913 1914 1915
4 1916 1917 1918 1919
4 1920 1921 1922 1923
4 1924 1925 1926 1927
4 1928 1929 1930 1931
4 1932 1933 1934 1935
4 1936 1937 1938 1939
4 1940 1941 1942 1943
4 1944 1945 1946 1947
4 1948 1949 1950 1951
4 1952 1953 1954 1955
4 1956 1957 1958 1959
4 1960 1961 1962 1963
4 1964 1965 1966 1967
4 1968 1969 1970 1971
4 1972 1973 1974 1975
4 1976 1977 1978 1979
4 1980 1981 1982 1983
4 1984 1985 1986 1987
4 1988 1989 1990 1991
4 1992 1993 1994 1995
4 1996 1997 1998 1999
4 2000 2001 2002 2003
4 2004 2005 2006 2007
4 2008 2009 2010 2011
4 2012 2013 2014 2015
4 2016 2017 2018 2019
4 2020 2021 2022 2023
4 2024 2025 2026 2027
4 2028 2029 2030 2031
4 2032 2033 2034 2035
4 2036 2037 2038 2039
4 2040 2041 2042 2043
4 2044 2045 2046 2047
4 2048 2049 2050 2051
4 2052 2053 2054 2055
4 2056 2057 2058 2059
4 2060 2061 2062 2063
4 2064 2065 2066 2067
4 2068 2069 2070 2071
4 2072 2073 2074 2075
4 2076 2077 2078 2079
4 2080 2081 2082 2083
4 2084 2085 2086 2087
4 2088 2089 2090 2091
4 2092 2093 2094 2095
4 2096 2097 2098 2099
4 2100 2101 2102 2103
4 2104 2105 2106 2107
4 2108 2109 2110 2111
4 2112 2113 2114 2115
4 2116 2117 2118 2119
4 2120 2121 2122 2123
4 2124 2125 2126 2127
4 2128 2129 2130 2131
4 2132 2133 2134 2135
4 2136 2137 2138 2139
4 2140 2141 2142 2143
4 2144 2145 2146 2147
4 2148 2149 2150 2151
4 2152 2153 2154 2155
4 2156 2157 2158 2159
4 2160 2161 2162 2163
4 2164 2165 2166 2167
4 2168 2169 2170 2171
4 2172 2173 2174 2175
4 2176 2177 2178 2179
4 2180 2181 2182 2183
4 2184 2185 2186 2187
4 2188 2189 2190 2191
4 2192 2193 2194 2195
4 2196 2197 2198 2199
4 2200 2201 2202 2203
4 2204 2205 2206 2207
4 2208 2209 2210 2211
4 2212 2213 2214 2215
4 2216 2217 2218 2219
4 2220 2221 2222 2223
4 2224 2225 2226 2227
4 2228 2229 2230 2231
4 2232 2233 2234 2235
4 2236 2237 2238 2239
4 2240 2241 2242 2243
4 2244 2245 2246 2247
4 2248 2249 2250 2251
4 2252 2253 2254 2255
4 2256 2257 2258 2259
4 2260 2261 2262 2263
4 2264 2265 2266 2267
4 2268 2269 2270 2271
4 2272 2273 2274 2275
4 2276 2277 2278 2279
4 2280 2281 2282 2283
4 2284 2285 2286 2287
4 2288 2289 2290 2291
4 2292 2293 2294 2295
4 2296 2297 2298 2299
4 2300 2301 2302 2303
4 2304 2305 2306 2307
4 2308 2309 2310 2311
4 2312 2313 2314 2315
4 2316 2317 2318 2319
4 2320 2321 2322 2323
4 2324 2325 2326 2327
4 2328 2329 2330 2331
4 2332 2333 2334 2335
3 2336 2337 2338
3 2339 2340 2341
3 2342 2343 2344
3 2345 2346 2347
3 2348 2349 2350
3 2351 2352 2353
3 2354 2355 2356
3 2357 2358 2359
3 2360 2361 2362
3 2363 2364 2365
3 2366 2367 2368
3 2369 2370 2371
3 2372 2373 2374
3 2375 2376 2377
3 2378 2379 2380
3 2381 2382 2383
3 2384 2385 2386
3 2387 2388 2389
3 2390 2391 2392
3 2393 2394 2395
3 2396 2397 2398
3 2399 2400 2401
3 2402 2403 2404
3 2405 2406 2407
3 2408 2409 2410
3 2411 2412 2413
3 2414 2415 2416
3 2417 2418 2419
3 2420 2421 2422
3 2423 2424 2425
3 2426 2427 2428
3 2429 2430 2431
3 2432 2433 2434
3 2435 2436 2437
3 2438 2439 2440
3 2441 2442 2443
3 2444 2445 2446
3 2447 2448 2449
3 2450 2451 2452
3 2453 2454 2455
3 2456 2457 2458
3 2459 2460 2461
3 2462 2463 2464
3 2465 2466 2467
3 2468 2469 2470
3 2471 2472 2473
3 2474 2475 2476
3 2477 2478 2479
3 2480 2481 2482
3 2483 2484 2485
3 2486 2487 2488
3 2489 2490 2491
3 2492 2493 2494
3 2495 2496 2497
3 2498 2499 2500
3 2501 2502 2503
3 2504 2505 2506
3 2507 2508 2509
3 2510 2511 2512
3 2513 2514 2515
3 2516 2517 2518
3 2519 2520 2521
3 2522 2523 2524
3 2525 2526 2527
3 2528 2529 2530
3 2531 2532 2533
3 2534 2535 2536
3 2537 2538 2539
3 2540 2541 2542
3 2543 2544 2545
3 2546 2547 2548
3 2549 2550 2551
3 2552 2553 2554
3 2555 2556 2557
3 2558 2559 2560
3 2561 2562 2563
3 2564 2565 2566
3 2567 2568 2569
3 2570 2571 2572
3 2573 2574 2575
3 2576 2577 2578
3 2579 2580 2581
3 2582 2583 2584
3 2585 2586 2587
3 2588 2589 2590
3 2591 2592 2593
3 2594 2595 2596
3 2597 2598 2599
3 2600 2601 2602
3 2603 2604 2605
3 2606 2607 2608
3 2609 2610 2611
3 2612 2613 2614
3 2615 2616 2617
3 2618 2619 2620
3 2621 2622 2623
3 2624 2625 2626
3 2627 2628 2629
3 2630 2631 2632
3 2633 2634 2635
3 2636 2637 2638
3 2639 2640 2641
3 2642 2643 2644
3 2645 2646 2647
3 2648 2649 2650
3 2651 2652 2653
3 2654 2655 2656
3 2657 2658 2659
3 2660 2661 2662
3 2663 2664 2665
3 2666 2667 2668
3 2669 2670 2671
3 2672 2673 2674
3 2675 2676 2677
3 2678 2679 2680
3 2681 2682 2683
3 2684 2685 2686
3 2687 2688 2689
3 2690 2691 2692
3 2693 2694 2695
3 2696 2697 2698
3 2699 2700 2701
3 2702 2703 2704
3 2705 2706 2707
3 2708 2709 2710
3 2711 2712 2713
3 2714 2715 2716
3 2717 2718 2719
3 2720 2721 2722
3 2723 2724 2725
3 2726 2727 2728
3 2729 2730 2731
3 2732 2733 2734
3 2735 2736 2737
3 2738 2739 2740
3 2741 2742 2743
3 2744 2745 2746
3 2747 2748 2749
3 2750 2751 2752
3 2753 2754 2755
3 2756 2757 2758
3 2759 2760 2761
3 2762 2763 2764
3 2765 2766 2767
3 2768 2769 2770
3 2771 2772 2773
3 2774 2775 2776
3 2777 2778 2779
3 2780 2781 2782
3 2783 2784 2785
3 2786 2787 2788
3 2789 2790 2791
3 2792 2793 2794
3 2795 2796 2797
3 2798 2799 2800
3 2801 2802 2803
3 2804 2805 2806
3 2807 2808 2809
3 2810 2811 2812
3 2813 2814 2815
3 2816 2817 2818
3 2819 2820 2821
3 2822 2823 2824
3 2825 2826 2827
3 2828 2829 2830
3 2831 2832 2833
3 2834 2835 2836
3 2837 2838 2839
3 2840 2841 2842
3 2843 2844 2845
3 2846 2847 2848
3 2849 2850 2851
3 2852 2853 2854
3 2855 2856 2857
3 2858 2859 2860
3 2861 2862 2863
3 2864 2865 2866
3 2867 2868 2869
3 2870 2871 2872
3 2873 2874 2875
3 2876 2877 2878
3 2879 2880 2881
3 2882 2883 2884
3 2885 2886 2887
3 2888 2889 2890
3 2891 2892 2893
3 2894 2895 2896
3 2897 2898 2899
3 2900 2901 2902
3 2903 2904 2905
3 2906 2907 2908
3 2909 2910 2911
3 2912 2913 2914
3 2915 2916 2917
3 2918 2919 2920
3 2921 2922 2923
3 2924 2925 2926
3 2927 2928 2929
3 2930 2931 2932
3 2933 2934 2935
3 2936 2937 2938
3 2939 2940 2941
3 2942 2943 2944
3 2945 2946 2947
3 2948 2949 2950
3 2951 2952 2953
3 2954 2955 2956
3 2957 2958 2959
3 2960 2961 2962
3 2963 2964 2965
3 2966 2967 2968
3 2969 2970 2971
3 2972 2973 2974
3 2975 2976 2977
3 2978 2979 2980
3 2981 2982 2983
3 2984 2985 2986
3 2987 2988 2989
3 2990 2991 2992
3 2993 2994 2995
3 2996 2997 2998
3 2999 3000 3001
3 3002 3003 3004
3 3005 3006 3007
3 3008 3009 3010
3 3011 3012 3013
3 3014 3015 3016
3 3017 3018 3019
3 3020 3021 3022
3 3023 3024 3025
3 3026 3027 3028
3 3029 3030 3031
3 3032 3033 3034
3 3035 3036 3037
3 3038 3039 3040
3 3041 3042 3043
3 3044 3045 3046
3 3047 3048 3049
3 3050 3051 3052
3 3053 3054 3055
3 3056 3057 3058
3 3059 3060 3061
3 3062 3063 3064
3 3065 3066 3067
3 3068 3069 3070
3 3071 3072 3073
3 3074 3075 3076
3 3077 3078 3079
3 3080 3081 3082
3 3083 3084 3085
3 3086 3087 3088
3 3089 3090 3091
3 3092 3093 3094
3 3095 3096 3097
3 3098 3099 3100
3 3101 3102 3103
3 3104 3105 3106
3 3107 3108 3109
3 3110 3111 3112
3 3113 3114 3115
3 3116 3117 3118
3 3119 3120 3121
3 3122 3123 3124
3 3125 3126 3127
3 3128 3129 3130
3 3131 3132 3133
3 3134 3135 3136
3 3137 3138 3139
3 3140 3141 3142
3 3143 3144 3145
3 3146 3147 3148
3 3149 3150 3151
3 3152 3153 3154
3 3155 3156 3157
3 3158 3159 3160
3 3161 3162 3163
3 3164 3165 3166
3 3167 3168 3169
3 3170 3171 3172
3 3173 3174 3175
3 3176 3177 3178
3 3179 3180 3181
3 3182 3183 3184
3 3185 3186 3187
3 3188 3189 3190
3 3191 3192 3193
3 3194 3195 3196
3 3197 3198 3199
3 3200 3201 3202
3 3203 3204 3205
3 3206 3207 3208
3 3209 3210 3211
3 3212 3213 3214
3 3215 3216 3217
3 3218 3219 3220
3 3221 3222 3223
3 3224 3225 3226
3 3227 3228 3229
3 3230 3231 3232
3 3233 3234 3235
3 3236 3237 3238
3 3239 3240 3241
3 3242 3243 3244
3 3245 3246 3247
3 3248 3249 3250
3 3251 3252 3253
3 3254 3255 3256
3 3257 3258 3259
3 3260 3261 3262
3 3263 3264 3265
3 3266 3267 3268
3 3269 3270 3271
3 3272 3273 3274
3 3275 3276 3277
3 3278 3279 3280
3 3281 3282 3283
3 3284 3285 3286
3 3287 3288 3289
3 3290 3291 3292
3 3293 3294 3295
3 3296 3297 3298
3 3299 3300 3301
3 3302 3303 3304
3 3305 3306 3307
3 3308 3309 3310
3 3311 3312 3313
3 3314 3315 3316
3 3317 3318 3319
3 3320 3321 3322
3 3323 3324 3325
3 3326 3327 3328
3 3329 3330 3331
3 3332 3333 3334
3 3335 3336 3337
3 3338 3339 3340
3 3341 3342 3343
3 3344 3345 3346
3 3347 3348 3349
3 3350 3351 3352
3 3353 3354 3355
3 3356 3357 3358
3 3359 3360 3361
3 3362 3363 3364
3 3365 3366 3367
3 3368 3369 3370
3 3371 3372 3373
3 3374 3375 3376
3 3377 3378 3379
3 3380 3381 3382
3 3383 3384 3385
3 3386 3387 3388
3 3389 3390 3391
3 3392 3393 3394
3 3395 3396 3397
3 3398 3399 3400
3 3401 3402 3403
3 3404 3405 3406
3 3407 3408 3409
3 3410 3411 3412
3 3413 3414 3415
3 3416 3417 3418
3 3419 3420 3421
3 3422 3423 3424
3 3425 3426 3427
3 3428 3429 3430
3 3431 3432 3433
3 3434 3435 3436
3 3437 3438 3439
3 3440 3441 3442
3 3443 3444 3445
3 3446 3447 3448
3 3449 3450 3451
3 3452 3453 3454
3 3455 3456 3457
3 3458 3459 3460
3 3461 3462 3463
3 3464 3465 3466
3 3467 3468 3469
3 3470 3471 3472
3 3473 3474 3475
3 3476 3477 3478
3 3479 3480 3481
3 3482 3483 3484
3 3485 3486 3487
3 3488 3489 3490
3 3491 3492 3493
3 3494 3495 3496
3 3497 3498 3499
3 3500 3501 3502
3 3503 3504 3505
3 3506 3507 3508
3 3509 3510 3511
3 3512 3513 3514
3 3515 3516 3517
3 3518 3519 3520
3 3521 3522 3523
3 3524 3525 3526
3 3527 3528 3529
3 3530 3531 3532
3 3533 3534 3535
3 3536 3537 3538
3 3539 3540 3541
3 3542 3543 3544
3 3545 3546 3547
3 3548 3549 3550
3 3551 3552 3553
3 3554 3555 3556
3 3557 3558 3559
3 3560 3561 3562
3 3563 3564 3565
3 3566 3567 3568
3 3569 3570 3571
3 3572 3573 3574
3 3575 3576 3577
3 3578 3579 3580
3 3581 3582 3583
3 3584 3585 3586
3 3587 3588 3589
3 3590 3591 3592
3 3593 3594 3595
3 3596 3597 3598
3 3599 3600 3601
3 3602 3603 3604
3 3605 3606 3607
3 3608 3609 3610
3 3611 3612 3613
3 3614 3615 3616
3 3617 3618 3619
3 3620 3621 3622
3 3623 3624 3625
3 3626 3627 3628
3 3629 3630 3631
3 3632 3633 3634
3 3635 3636 3637
3 3638 3639 3640
3 3641 3642 3643
3 3644 3645 3646
3 3647 3648 3649
3 3650 3651 3652
3 3653 3654 3655
3 3656 3657 3658
3 3659 3660 3661
3 3662 3663 3664
3 3665 3666 3667
3 3668 3669 3670
3 3671 3672 3673
3 3674 3675 3676
3 3677 3678 3679
3 3680 3681 3682
3 3683 3684 3685
3 3686 3687 3688
3 3689 3690 3691
3 3692 3693 3694
3 3695 3696 3697
3 3698 3699 3700
3 3701 3702 3703
3 3704 3705 3706
3 3707 3708 3709
3 3710 3711 3712
3 3713 3714 3715
3 3716 3717 3718
3 3719 3720 3721
3 3722 3723 3724
3 3725 3726 3727
3 3728 3729 3730
3 3731 3732 3733
3 3734 3735 3736
3 3737 3738 3739
3 3740 3741 3742
3 3743 3744 3745
3 3746 3747 3748
3 3749 3750 3751
3 3752 3753 3754
3 3755 3756 3757
3 3758 3759 3760
3 3761 3762 3763
3 3764 3765 3766
3 3767 3768 3769
3 3770 3771 3772
3 3773 3774 3775
3 3776 3777 3778
3 3779 3780 3781
3 3782 3783 3784
3 3785 3786 3787
3 3788 3789 3790
3 3791 3792 3793
3 3794 3795 3796
3 3797 3798 3799
3 3800 3801 3802
3 3803 3804 3805
3 3806 3807 3808
3 3809 3810 3811
3 3812 3813 3814
3 3815 3816 3817
3 3818 3819 3820
3 3821 3822 3823
3 3824 3825 3826
3 3827 3828 3829
3 3830 3831 3832
3 3833 3834 3835
3 3836 3837 3838
3 3839 3840 3841
3 3842 3843 3844
3 3845 3846 3847
3 3848 3849 3850
3 3851 3852 3853
3 3854 3855 3856
3 3857 3858 3859
3 3860 3861 3862
3 3863 3864 3865
3 3866 3867 3868
3 3869 3870 3871
3 3872 3873 3874
3 3875 3876 3877
3 3878 3879 3880
3 3881 3882 3883
3 3884 3885 3886
3 3887 3888 3889
3 3890 3891 3892
3 3893 3894 3895
3 3896 3897 3898
3 3899 3900 3901
3 3902 3903 3904
3 3905 3906 3907
3 3908 3909 3910
3 3911 3912 3913
3 3914 3915 3916
3 3917 3918 3919
3 3920 3921 3922
3 3923 3924 3925
3 3926 3927 3928
3 3929 3930 3931
3 3932 3933 3934
3 3935 3936 3937
3 3938 3939 3940
3 3941 3942 3943
3 3944 3945 3946
3 3947 3948 3949
2 3950 3951
2 3952 3953
2 3954 3955
2 3956 3957
2 3958 3959
2 3960 3961
2 3962 3963
2 3964 3965
2 3966 3967
2 3968 3969
2 3970 3971
2 3972 3973
2 3974 3975
2 3976 3977
2 3978 3979
2 3980 3981
2 3982 3983
2 3984 3985
2 3986 3987
2 3988 3989
2 3990 3991
2 3992 3993
2 3994 3995
2 3996 3997
2 3998 3999
2 4000 4001
2 4002 4003
2 4004 4005
2 4006 4007
2 4008 4009
2 4010 4011
2 4012 4013
2 4014 4015
2 4016 4017
2 4018 4019
2 4020 4021
2 4022 4023
2 4024 4025
2 4026 4027
2 4028 4029
2 4030 4031
2 4032 4033
2 4034 4035
2 4036 4037
2 4038 4039
2 4040 4041
2 4042 4043
2 4044 4045
2 4046 4047
2 4048 4049
2 4050 4051
2 4052 4053
2 4054 4055
2 4056 4057
2 4058 4059
2 4060 4061
2 4062 4063
2 4064 4065
2 4066 4067
2 4068 4069
2 4070 4071
2 4072 4073
2 4074 4075
2 4076 4077
2 4078 4079
2 4080 4081
2 4082 4083
2 4084 4085
2 4086 4087
2 4088 4089
2 4090 4091
2 4092 4093
2 4094 4095
2 4096 4097
2 4098 4099
2 4100 4101
2 4102 4103
2 4104 4105
2 4106 4107
2 4108 4109
2 4110 4111
2 4112 4113
2 4114 4115
2 4116 4117
2 4118 4119
2 4120 4121
2 4122 4123
2 4124 4125
2 4126 4127
2 4128 4129
2 4130 4131
2 4132 4133
2 4134 4135
2 4136 4137
2 4138 4139
2 4140 4141
2 4142 4143
2 4144 4145
2 4146 4147
2 4148 4149
2 4150 4151
2 4152 4153
2 4154 4155
2 4156 4157
2 4158 4159
2 4160 4161
2 4162 4163
2 4164 4165
2 4166 4167
2 4168 4169
2 4170 4171
2 4172 4173
2 4174 4175
2 4176 4177
2 4178 4179
2 4180 4181
2 4182 4183
2 4184 4185
2 4186 4187
2 4188 4189
2 4190 4191
2 4192 4193
2 4194 4195
2 4196 4197
2 4198 4199
2 4200 4201
2 4202 4203
2 4204 4205
2 4206 4207
2 4208 4209
2 4210 4211
2 4212 4213
2 4214 4215
2 4216 4217
2 4218 4219
2 4220 4221
2 4222 4223
2 4224 4225
2 4226 4227
2 4228 4229
2 4230 4231
2 4232 4233
2 4234 4235
2 4236 4237
2 4238 4239
2 4240 4241
2 4242 4243
2 4244 4245
2 4246 4247
2 4248 4249
2 4250 4251
2 4252 4253
2 4254 4255
2 4256 4257
2 4258 4259
2 4260 4261
2 4262 4263
2 4264 4265
2 4266 4267
2 4268 4269
2 4270 4271
2 4272 4273
2 4274 4275
2 4276 4277
2 4278 4279
2 4280 4281
2 4282 4283
2 4284 4285
2 4286 4287
2 4288 4289
2 4290 4291
2 4292 4293
2 4294 4295
2 4296 4297
2 4298 4299
2 4300 4301
2 4302 4303
2 4304 4305
2 4306 4307
2 4308 4309
2 4310 4311
2 4312 4313
2 4314 4315
2 4316 4317
2 4318 4319
2 4320 4321
2 4322 4323
2 4324 4325
2 4326 4327
2 4328 4329
2 4330 4331
2 4332 4333
2 4334 4335
2 4336 4337
2 4338 4339
2 4340 4341
2 4342 4343
2 4344 4345
2 4346 4347
2 4348 4349
2 4350 4351
2 4352 4353
2 4354 4355
2 4356 4357
2 4358 4359
2 4360 4361
2 4362 4363
2 4364 4365
2 4366 4367
2 4368 4369
2 4370 4371
2 4372 4373
2 4374 4375
2 4376 4377
2 4378 4379
2 4380 4381
2 4382 4383
2 4384 4385
2 4386 4387
2 4388 4389
2 4390 4391
2 4392 4393
2 4394 4395
2 4396 4397
2 4398 4399
2 4400 4401
2 4402 4403
2 4404 4405
2 4406 4407
2 4408 4409
2 4410 4411
2 4412 4413
2 4414 4415
2 4416 4417
2 4418 4419
2 4420 4421
2 4422 4423
2 4424 4425
2 4426 4427
2 4428 4429
2 4430 4431
2 4432 4433
2 4434 4435
2 4436 4437
2 4438 4439
2 4440 4441
2 4442 4443
2 4444 4445
2 4446 4447
2 4448 4449
2 4450 4451
2 4452 4453
2 4454 4455
2 4456 4457
2 4458 4459
2 4460 4461
2 4462 4463
2 4464 4465
2 4466 4467
2 4468 4469
2 4470 4471
2 4472 4473
2 4474 4475
2 4476 4477
2 4478 4479
2 4480 4481
2 4482 4483
2 4484 4485
2 4486 4487
2 4488 4489
2 4490 4491
2 4492 4493
2 4494 4495
2 4496 4497
2 4498 4499
2 4500 4501
2 4502 4503
2 4504 4505
2 4506 4507
2 4508 4509
2 4510 4511
2 4512 4513
2 4514 4515
2 4516 4517
2 4518 4519
2 4520 4521
2 4522 4523
2 4524 4525
2 4526 4527
2 4528 4529
2 4530 4531
2 4532 4533
2 4534 4535
2 4536 4537
2 4538 4539
2 4540 4541
2 4542 4543
2 4544 4545
2 4546 4547
2 4548 4549
2 4550 4551
2 4552 4553
2 4554 4555
2 4556 4557
2 4558 4559
2 4560 4561
2 4562 4563
2 4564 4565
2 4566 4567
2 4568 4569
2 4570 4571
2 4572 4573
2 4574 4575
2 4576 4577
2 4578 4579
2 4580 4581
2 4582 4583
2 4584 4585
2 4586 4587
2 4588 4589
2 4590 4591
2 4592 4593
2 4594 4595
2 4596 4597
2 4598 4599
2 4600 4601
2 4602 4603
2 4604 4605
2 4606 4607
2 4608 4609
2 4610 4611
2 4612 4613
2 4614 4615
2 4616 4617
2 4618 4619
2 4620 4621
2 4622 4623
2 4624 4625
2 4626 4627
2 4628 4629
2 4630 4631
2 4632 4633
2 4634 4635
2 4636 4637
2 4638 4639
2 4640 4641
2 4642 4643
2 4644 4645
2 4646 4647
2 4648 4649
2 4650 4651
2 4652 4653
2 4654 4655
2 4656 4657
2 4658 4659
2 4660 4661
2 4662 4663
2 4664 4665
2 4666 4667
2 4668 4669
2 4670 4671
2 4672 4673
2 4674 4675
2 4676 4677
2 4678 4679
2 4680 4681
2 4682 4683
2 4684 4685
2 4686 4687
2 4688 4689
2 4690 4691
2 4692 4693
2 4694 4695
2 4696 4697
2 4698 4699
2 4700 4701
2 4702 4703
2 4704 4705
2 4706 4707
2 4708 4709
2 4710 4711
2 4712 4713
2 4714 4715
2 4716 4717
2 4718 4719
2 4720 4721
2 4722 4723
2 4724 4725
2 4726 4727
2 4728 4729
2 4730 4731
2 4732 4733
2 4734 4735
2 4736 4737
2 4738 4739
2 4740 4741
2 4742 4743
2 4744 4745
2 4746 4747
2 4748 4749
2 4750 4751
2 4752 4753
2 4754 4755
2 4756 4757
2 4758 4759
2 4760 4761
2 4762 4763
2 4764 4765
2 4766 4767
2 4768 4769
2 4770 4771
2 4772 4773
2 4774 4775
2 4776 4777
2 4778 4779
2 4780 4781
2 4782 4783
2 4784 4785
2 4786 4787
2 4788 4789
2 4790 4791
2 4792 4793
2 4794 4795
2 4796 4797
2 4798 4799
2 4800 4801
2 4802 4803
2 4804 4805
2 4806 4807
2 4808 4809
2 4810 4811
2 4812 4813
2 4814 4815
2 4816 4817
2 4818 4819
2 4820 4821
2 4822 4823
2 4824 4825
2 4826 4827
2 4828 4829
2 4830 4831
2 4832 4833
2 4834 4835
2 4836 4837
2 4838 4839
2 4840 4841
2 4842 4843
2 4844 4845
2 4846 4847
2 4848 4849
2 4850 4851
2 4852 4853
2 4854 4855
2 4856 4857
2 4858 4859
2 4860 4861
2 4862 4863
2 4864 4865
2 4866 4867
2 4868 4869
2 4870 4871
2 4872 4873
2 4874 4875
2 4876 4877
2 4878 4879
2 4880 4881
2 4882 4883
2 4884 4885
2 4886 4887
2 4888 4889
2 4890 4891
2 4892 4893
2 4894 4895
2 4896 4897
2 4898 4899
2 4900 4901
2 4902 4903
2 4904 4905
2 4906 4907
2 4908 4909
2 4910 4911
2 4912 4913
2 4914 4915
2 4916 4917
2 4918 4919
2 4920 4921
2 4922 4923
2 4924 4925
2 4926 4927
2 4928 4929
2 4930 4931
2 4932 4933
2 4934 4935
2 4936 4937
2 4938 4939
2 4940 4941
2 4942 4943
2 4944 4945
2 4946 4947
2 4948 4949
2 4950 4951
2 4952 4953
2 4954 4955
